SMART
01101201094000200111082001003904
011210010541082000204f04
01101201032001209904
011210010521012001118404
011012010520002002207604
01121001092102200111002001015d04

01101201094000200111082001003904
011210010541082000204f04
01101201032001209904
011210010521012001118404
011012010520002002207604
01121001092102200111002001015d04


STANDBY
01101201094000200101082001004904
011210010541082000204f04
01101201032001209904
011210010521012001019404
011012010520002002207604
01121001092102200101002001115d04

01101201094000200101082001004904
011210010541082000204f04
01101201032001209904
011210010521012001019404
011012010520002002207604
01121001092102200101002001115d04

